19550493
19555116
19564014
19564018
19566322
19566444
19568304
19571926
19573250
19579220
19582067
19582074
19582100
19582133
19601846
19619599
19621417
19623315
19624275
19628671
19631563
19632534
19639234
19642363
19649095
19654687
19654689
19654704
19654757
19659028
19665302
19673532
19674074
19674101
19684798
19684809
19684820
19686982
19687942
19687980
19687990
19720409
19736632
19745746
19745751
19756079
19761154
19763072
19769338
19770872
19770876
19770879
19770903
19773225
19773742
19779674
19789963
19791467
19791931
19792568
19797197
19802803
19805036
19810002
19818152
19823534
19823550
19824704
19832823
19833663
19835081
19838229
19838262
19838267
19838657
19839368
19843083
19843486
19844084
19844313
19846172
19846394
19850557
19851669
19852524
19852573
19853240
19859978
19876652
19876760
19881578
19881622
19881633
19900774
19900828
19902546
19905755
19907117
19907522
19907532
19907542
19907546
19907560
19907596
19907606
19908031
19908718
19909479
19910389
19911175
19917001
19919901
19924564
19925283
19927197
19935968
19940122
19941798
19941952
19947355
19947743
19949640
19951842
19953144
19953172
19954039
19959221
19964028
19965549
19997218
19997274
19997284
19997291
19997420
19997438
19997459
20005257
20006947
20007516
20007680
20007919
20011005
20016649
20017089
20017892
20022777
20029592
20029595
20031620
20031753
20038520
20040315
20040321
20049730
20052107
20052153
20052181
20059137
20120409
20156716
20365940
20366002
20366008
20366217
20372593
20372653
20550860
21832466
25949377
25949379
34547649
34547827
34547955
34548030
34548330
34548540
34548702
34548963
34548985
34549208
34549313
34549315
34549317
34549330
34549340
34549385
34549392
34549400
34549494
34549549
34549566
34549655
34549742
34549753
34549827
34549923
34550108
34550415
34550432
34550448
34550476
34550494
34550542
34550557
34550569
34550615
34550626
34550671
34550908
34550922
34551123
34551176
34551288
34551411
34551461
34551728
34551944
34552042
34552109
34552267
34552687
34552749
34552774
34552798
34552799
34552860
34552952
34552956
34552968
34553241
34553317
34553328
34553337
34553412
34553419
34553470
34553474
34553610
34553776
34553839
34553847
34553903
34553922
34554017
34554111
34554197
34554294
34554335
34554383
34554393
34554394
34554413
34554478
34554558
34554610
34554639
34554765
34555234
34555555
34556029
34556076
34556128
34556261
34556959
34557101
34557191
34557389
34557737
34557930
34557936
34557938
34557957
34558012
34558013
34558080
34558083
34558098
34558155
34558187
34558203
34558213
34558227
34558274
34558735
34558969
34559136
34559155
34559261
34559298
34559299
34559301
34559305
34559338
34559373
34559402
34559584
34559667
34559695
34559699
34559708
34559709
34559714
34559731
34559732
34559736
34559795
34559930
34559960
34560032
34560226
34560305
34560358
34560683
34560684
34560689
34560691
34560692
34560710
34560721
34560727
34560731
34560739
34560743
34560746
34560747
34560750
34560752
34560754
34560756
34560757
34560758
34560764
34560767
34560885
34560893
34560894
34560905
34561316
34561376
34561382
34561384
34561400
34561414
34561415
34561610
34561613
34561632
34561652
34561746
34561843
34561864
34561882
34561883
34561884
34561885
34561886
34561910
34561913
34561921
34561925
34561975
34562035
34562044
34562045
34562106
34562108
34562119
34562125
34562130
34562131
34562134
34562153
34562164
34562229
34562470
34562756
34563110
34563207
34563458
34563643
34563840
34564432
34564486
34564497
34564736
34564748
34564750
34564782
34564799
34564800
34564903
34565136
34565151
34565157
34565324
34565621
34565750
34565862
34566348
34566399
34566445
34566450
34566476
34566567
34566619
34566684
34566869
34567059
34567217
34567328
34567341
34567495
34567584
34567644
34567695
34567809
34567836
34567857
34567877
34567905
34567978
34568206
34568242
34568254
34568256
34568315
34568329
34568337
34568344
34568517
34568522
34568639
34568661
34568953
34568960
34568964
34568966
34568968
34568970
34568992
34569013
34569071
34569103
34569142
34569567
34569582
34569673
34569677
34569690
34569743
34569749
34569763
34569802
34570014
34570016
34570018
34570022
34570046
34570047
34570062
34570271
34570274
34570275
34570278
34570291
34570299
34570358
34570365
34570367
34570662
34570733
34570736
34570863
34571096
34571127
34571273
34571299
34571415
34571585
34571605
34572121
34572297
34572438
34572554
34572733
34573298
34573536
34573652
34574260
34574395
34574479
34574659
34574792
34575250
34575312
34575342
34575432
34575436
34575891
34575978
34576525
34576732
34577035
34577154
34577233
34577402
34577429
36476732
36476739
36476750
36476755
36476760
36476850
36476860
36476883
36476885
36476895
36476898
36476899
36476901
36476918
36476926
36476928
36476940
36476952
36476974
36476977
36477066
36477107
36477110
36477177
36477179
36477191
36477258
36477362
36477403
36477465
36477470
36477497
36477499
36477594
36477611
36477638
36477672
36477709
36477727
36477728
36477762
36477806
36477874
36477929
36478035
36478040
36478061
36478070
36478114
36478133
36478146
36478169
36478207
36478228
36478256
36478320
36478422
36478431
36478454
36478458
36478473
36478528
36478529
36478617
36478646
36478657
36478661
36478675
36478698
36478712
36478715
36478742
36478770
36478772
36478870
36478908
36478959
36478998
36479018
36479019
36479053
36479063
36479126
36479164
36479175
36479194
36479318
36479341
36479381
36479403
36479443
36479474
36479480
36479494
36479502
36479521
36479526
36479532
36479536
36479556
36479568
36479576
36479589
36479616
36479678
36479696
36479741
36479791
36479795
36479814
36479832
36479841
36479845
36479858
36479863
36479886
36479897
36479902
36479922
36479929
36479944
36479974
36479979
36480007
36480042
36480073
36480077
36480078
36480107
36480240
36480289
36480297
36480330
36480375
36480377
36480378
36480442
36480452
36480521
36480537
36480547
36480604
36480629
36480666
36480694
36480744
36480867
36480877
36480890
36480898
36480951
36481010
36481043
36481080
36481125
36481136
36481152
36481217
36481219
36481236
36481257
36481296
36481320
36481372
36481386
36481399
36481435
36481436
36481455
36481490
36481530
36481556
36481634
36481639
36481646
36481701
36481702
36481718
36481731
36481759
36481877
36481964
36481985
36481996
36482019
36482024
36482025
36482110
36482283
36482288
36482297
36482307
36482312
36482320
36482332
36482333
36482354
36482412
36482425
36482473
36482475
36482511
36482516
36482517
36482518
36482523
36482527
36482535
36482560
36482598
36482603
36482625
36482648
36482678
36482742
36482759
36482790
36482855
36482861
36482877
36482895
36482936
36482998
36483024
36483034
36483097
36483113
36483114
36483116
36483178
36483183
36483235
36483263
36483452
36483458
36483459
36483495
36483518
36483547
36483550
36483559
36483592
36483594
36483638
36483703
36483743
36483770
36483799
36483811
36483818
36483821
36483829
36483830
36483850
36483864
36483899
36483902
36483905
36483978
36484014
36484017
36484024
36484120
36484164
36484193
36484195
36484213
36484245
36484342
36484364
36484368
36484388
36484389
36484399
36484407
36484427
36484477
36484502
36484610
36484620
36484649
36484685
36484706
36484741
36484746
36484769
36484886
36484910
36484922
36484948
36484971
36484977
36484980
36484992
36485024
36485082
36485084
36485085
36485086
36485097
36485099
36485106
36485157
36490316
36490325
36490362
36490380
36493345
36493347
36493376
36493483
36493559
36493571
36493587
36493614
36493616
36493618
36493631
36493649
36493716
36493767
36493773
36493806
36493822
36493850
36493855
36493861
36493888
36493904
36493997
36493999
36494028
36494046
36494083
36494087
36494128
36494168
36494187
36494189
36494193
36494233
36494235
36494273
36494326
36494329
36494405
36494441
36494448
36494592
36494598
36494599
36494655
36494694
36494704
36494718
36494813
36494838
36494870
36494892
36494901
36495021
36495059
36495071
36495096
36495120
36495169
36495187
36495252
36495262
36495267
36495291
36495299
36495331
36495338
36495348
36495385
36495386
36495416
36495503
36495588
36507982
36507989
36507990
36508003
36508086
36508087
36508094
36508096
36508106
36508107
36508124
36508144
36508155
36508157
36508223
36508281
36508292
36508294
36508306
36508315
36508318
36508319
36508353
36508406
36508408
36508413
36508457
36508461
36508466
36508471
36508473
36508477
36508573
36508574
36508582
36508598
36508644
36508705
36508714
36508720
36508723
36508741
36508743
36508763
36508776
36508785
36508805
36508827
36508834
36508841
36508847
36508850
36508874
36508895
36508914
36508915
36508962
36508970
36509006
36509028
36509031
36509053
36509064
36509120
36509129
36509135
36509145
36509147
36509166
36509196
36509209
36509210
36509217
36509242
36509280
36509293
36509312
36509330
36509350
36509405
36509442
36509445
36509446
36509462
36509509
36509510
36509521
36509553
36509581
36509621
36509627
36509630
36509642
36509648
36509664
36509671
36509695
36509709
36509716
36509741
36509743
36509797
36509806
36509846
36509861
36509862
36509881
36509885
36509918
36509928
36509943
36509982
36509987
36509988
36509990
36510004
36510096
36510110
36510129
36510135
36510138
36510142
36510149
36510157
36510165
36510207
36510211
36510225
36510228
36510253
36510283
36510305
36510310
36510322
36510323
36510327
36510335
36510355
36510361
36510386
36510400
36510408
36510418
36510420
36510430
36510433
36510443
36510447
36510459
36510485
36510585
36510589
36510598
36510647
36510655
36510659
36510667
36510718
36510759
36510772
36510780
36510791
36510809
36510821
36510827
36510831
36510880
36510903
36510922
36510926
36510931
36510949
36510959
36510965
36510970
36510977
36510983
36511025
36511048
36511093
36511128
36511133
36511137
36511149
36511170
36511174
36511206
36511207
36511227
36511246
36511249
36511260